P0: 706.391 0.000000000000e+00 631.506 0.000000000000e+00 0.000000000000e+00 705.071 387.479 0.000000000000e+00 0.000000000000e+00 0.000000000000e+00 1.000000000000e+00 0.000000000000e+00
P1: 709.177 0.000000000000e+00 631.227 -44.4874533047 0.000000000000e+00 708.343 381.786 0.000000000000e+00 0.000000000000e+00 0.000000000000e+00 1.000000000000e+00 0.000000000000e+00