[LEFT_CAM_2K]
cx=1090.01
cy=678.959
fx=1412.78
fy=1410.14
k1=-0.16464398401227248
k2=0.012281370180482637
k3=0.007763818295002275
p1=0.00044563670065680803
p2=3.223322786863019e-05

[LEFT_CAM_FHD]
cx=946.013
cy=597.959
fx=1412.78
fy=1410.14
k1=-0.16464398401227248
k2=0.012281370180482637
k3=0.007763818295002275
p1=0.00044563670065680803
p2=3.223322786863019e-05

[LEFT_CAM_HD]
cx=631.506
cy=387.479
fx=706.391
fy=705.071
k1=-0.16464398401227248
k2=0.012281370180482637
k3=0.007763818295002275
p1=0.00044563670065680803
p2=3.223322786863019e-05

[LEFT_CAM_VGA]
cx=331.253
cy=201.24
fx=353.196
fy=352.535
k1=-0.16464398401227248
k2=0.012281370180482637
k3=0.007763818295002275
p1=0.00044563670065680803
p2=3.223322786863019e-05

[LEFT_DISTO]
k1=11.67746437638404
k2=-4.847547466048848
k3=-0.19014947028934145
k4=11.765739618583925
k5=-2.679278099599428
k6=-1.1749281418984923
p1=0.0004966451731231306
p2=-9.039033628208174e-05

[MISC]
Sensor_ID=0

[RIGHT_CAM_2K]
cx=1089.45
cy=667.572
fx=1418.35
fy=1416.69
k1=-0.16679897477833933
k2=0.012722612853619874
k3=0.008386857283481389
p1=0.0005364359325533048
p2=-7.841920944872649e-05

[RIGHT_CAM_FHD]
cx=945.455
cy=586.572
fx=1418.35
fy=1416.69
k1=-0.16679897477833933
k2=0.012722612853619874
k3=0.008386857283481389
p1=0.0005364359325533048
p2=-7.841920944872649e-05

[RIGHT_CAM_HD]
cx=631.227
cy=381.786
fx=709.177
fy=708.343
k1=-0.16679897477833933
k2=0.012722612853619874
k3=0.008386857283481389
p1=0.0005364359325533048
p2=-7.841920944872649e-05

[RIGHT_CAM_VGA]
cx=331.114
cy=198.393
fx=354.589
fy=354.171
k1=-0.16679897477833933
k2=0.012722612853619874
k3=0.008386857283481389
p1=0.0005364359325533048
p2=-7.841920944872649e-05

[RIGHT_DISTO]
k1=3.846453489420972
k2=17.190073727386558
k3=1.489075549979669
k4=4.013565142010989
k5=17.761309005590853
k6=4.747755641309874
p1=0.0004947103549008237
p2=-3.341436041060913e-05

[STEREO]
Baseline=62.7311
CV_2K=0.00923973
CV_FHD=0.00923973
CV_HD=0.00923973
CV_VGA=0.00923973
RX_2K=0.00225504
RX_FHD=0.00225504
RX_HD=0.00225504
RX_VGA=0.00225504
RZ_2K=-0.00325592
RZ_FHD=-0.00325592
RZ_HD=-0.00325592
RZ_VGA=-0.00325592
TY=0.0776366
TZ=0.164198
