0.9659258262890682 0.0 0.25881904510252074 426069.9 0.0 1.0 0.0 0.0 -0.25881904510252074 0.0 0.9659258262890682 4581718.85
0.9665926748675315 -2.71819441296107e-05 0.25631738168445056 426069.90136334277 -0.00012754525650495035 0.9999998195633877 0.0005870310038590885 0.000571778072538065 -0.25631735139205447 -0.0006001119344439481 0.9665924969918958 4581718.848571171
0.9672730399822453 -0.002852803314418891 0.25372175239177835 426069.90205033205 0.0021409179591672803 0.9999929593273698 0.003081844574527965 -0.0020580997446554786 -0.2537287579163973 -0.002437787714029494 0.9672723373472765 4581718.855735312
0.9686405449964629 -0.005919845496986237 0.24839575281845627 426069.896177588 0.00471206278521789 0.9999740106457341 0.005456601267590824 0.000437514775453382 -0.24842159940968098 -0.004115028842805492 0.968643265337843 4581718.864852816
0.9742127358331935 -0.008207532624479015 0.22548210959768725 426069.9011163106 0.006423298627787812 0.9999419969200493 0.008645462988329185 -0.0009953611411839367 -0.2255399888603873 -0.006974181225235214 0.9742089479270318 4581718.88356106
0.9828053388591189 -0.01685554859564724 0.18387375123043836 426069.8837911617 0.014964842152854046 0.9998199680880188 0.011665543785577596 0.02120975991417362 -0.18403727722761373 -0.008713317049943766 0.982880643158992 4581718.953067516
0.9956485977060675 -0.0314843734354764 0.0877074917855786 426069.8476502601 0.030844976741478857 0.9994868700213793 0.008636206614260622 0.07103830060231722 -0.0879343919963032 -0.005893291460808798 0.9961088353287499 4581719.071592111
0.9980522704290508 -0.044016155889916586 -0.04420682653269825 426069.80183943635 0.044375798337389645 0.9989890577953278 0.007186857945083323 0.08328452015149453 0.04384579812635213 -0.009134573108692425 0.9989965493237629 4581719.141039567
0.9810813107928245 -0.055073083412588104 -0.1855974598330052 426069.72004168044 0.056292442810783015 0.9984134735540722 0.0013025774784604718 0.08670599097310008 0.18523126759656028 -0.01172566881345322 0.9826249977460625 4581719.197320719
0.9326355352348078 -0.06408691931324742 -0.3550828427145153 426069.6423890801 0.0634317124262504 0.997894878763674 -0.013499214640363999 0.08774413656516161 0.3552004733611108 -0.009933665495197166 0.9347373673999949 4581719.187788906
0.8225832833893865 -0.06589791995649692 -0.5648134258618007 426069.53993555147 0.06723872537340671 0.9975660760923656 -0.018462871928311284 0.07689552142198691 0.5646553778177412 -0.022790085017146564 0.8250120704125583 4581719.198209475
0.6367893430309564 -0.08309711663323452 -0.7665469338595295 426069.38604325964 0.07338086711699456 0.9961943482003156 -0.04703263712474043 0.08679828835618887 0.7675379996738672 -0.02629999659680888 0.6404636829950997 4581719.252683406
0.40538578458142066 -0.09606648447540003 -0.9090839324395983 426069.2373616921 0.06612867086007454 0.9949391917116812 -0.07565053659021602 0.13072559557581198 0.9117507140384299 -0.029448860022850198 0.40968695377540276 4581719.300433634
0.19386903021028118 -0.09747841280070058 -0.9761725043060686 426069.03678651544 0.05793346742132352 0.9944522120956657 -0.0877981276029342 0.13518856231190504 0.9793153284197428 -0.039531720123148 0.19844074840172754 4581719.295063757
0.04499108980634722 -0.09720128939193078 -0.9942473088616248 426068.91624682356 0.045848478461472844 0.9944072981159123 -0.09514222236515339 0.14488190309729443 0.997934726753612 -0.041304174054913434 0.04919599927673372 4581719.3078482635
-0.037959163877335604 -0.10532517473308668 -0.9937130921172259 426068.78345361596 0.049980853509153336 0.992985015164578 -0.10715723933127687 0.14242368476273332 0.9980285648017451 -0.053734227695657624 -0.03242863878921014 4581719.271746804
-0.11134187203683132 -0.099241514714375 -0.9888144969045156 426068.665996437 0.056839938577424594 0.9927364786883962 -0.10603539627822102 0.1397330751760973 0.9921553350730163 -0.068010334792304 -0.10489225637572198 4581719.223639546
-0.1702774712495428 -0.07972011447813464 -0.9821661194179192 426068.51251621003 0.05915500503313735 0.9940974974082589 -0.09094421931144077 0.10259840624668431 0.9836189649271669 -0.07358579342665993 -0.1645565642609806 4581719.170044503
-0.2302782844691874 -0.11183953334719982 -0.9666766938757799 426068.394259389 0.05236890954727314 0.9905100640587392 -0.12707206739163113 0.0998693917663432 0.9717146746935327 -0.07988574202593555 -0.22223604389524226 4581719.118120576
-0.2827938171841948 -0.109699477554611 -0.9528870245662059 426068.2683080475 0.047138342982717026 0.9906486252577937 -0.1280362366507562 0.07750089744084311 0.9580217291811478 -0.08112537148814877 -0.2749782546269318 4581719.10670949
-0.3116034565126791 -0.10994450525122769 -0.9438302239568369 426068.15837558114 0.036260299002193845 0.9911842894289029 -0.12743192341636356 0.08436765897149616 0.9495201296474041 -0.07393179393458041 -0.3048698299930515 4581719.088783182
-0.31200675309279424 -0.1063136046723797 -0.9441129188217141 426068.03312394023 0.02741337589041814 0.9922983865107666 -0.1207990850562272 0.061150444237435236 0.9496843122042101 -0.06357145263163323 -0.30668938286729297 4581719.044290868
-0.30646771261420735 -0.11545107723312004 -0.9448537399464149 426067.9508516369 0.026317128166949137 0.9912103269697309 -0.12965144223495953 0.06536984373732486 0.9515171831817129 -0.06459981791207212 -0.300735620829437 4581719.00290323
-0.297579927625493 -0.12177789854819274 -0.9468982680835318 426067.8186887209 0.03060472103413618 0.9901047038149838 -0.13695264339861055 0.05774982080940144 0.9542062343774694 -0.06973391505308163 -0.29090830748973173 4581718.924198208
-0.2915791044115134 -0.11183133759448874 -0.9499870408602461 426067.69888224435 0.032419565290452444 0.9914164114080074 -0.12665887642501736 0.040564910609674 0.955997174502602 -0.06772924865002757 -0.2854507859865597 4581718.875689417
-0.28937669287293816 -0.10573151174683779 -0.9513579647249762 426067.5384467817 0.03561697944584942 0.9920032647862902 -0.12108242411058873 0.031025013872958383 0.956552434734801 -0.06892292852941531 -0.28329678700234806 4581718.823667285
-0.2942890535211391 -0.1055965541002622 -0.9498648960456336 426067.3596603774 0.03379114987875043 0.9921062209740258 -0.12076176751981758 -0.001564736301085827 0.9551188989688689 -0.06763589333178868 -0.2883977717765981 4581718.767444412
-0.32765262121764394 -0.11835766266528067 -0.9373554413868939 426067.20741498563 0.018090272324773296 0.991154517057061 -0.13147420037634897 0.0031622513213101448 0.9446250588759664 -0.060034881575601474 -0.32261325319611506 4581718.714320908
-0.32524238413266826 -0.12119430621772055 -0.9378322513670039 426067.0160642609 0.010670491704937233 0.9912196920298106 -0.13179401632510926 -0.0201713806107681 0.945570479747794 -0.052872131342832564 -0.3210934529958425 4581718.632461835
-0.3023179918197498 -0.11698663966175668 -0.9460010348634529 426066.8559945128 0.011647088843282867 0.9919127102650435 -0.12638639379353106 -0.026046347513540544 0.9531359699138161 -0.04922703886389257 -0.29851050484219516 4581718.579919634
-0.28526055283676105 -0.09941693107486592 -0.9532799645491982 426066.63885365444 0.017193107100528487 0.9939150066427003 -0.10879961690498488 -0.042827182565547725 0.9582957863120842 -0.04742608339402621 -0.2818154583240732 4581718.490166962
-0.28708640373819033 -0.09590774292581698 -0.9530913396078825 426066.46281942463 0.02566656847785885 0.9938477172122214 -0.1077401608251469 -0.04729138816243331 0.9575607678112367 -0.05539331944316566 -0.28285854434650365 4581718.4479647335
-0.2838488687061286 -0.09322942676820695 -0.9543259892294259 426066.25192586164 0.034507505566356775 0.9936241874958719 -0.10733222294705963 -0.042184406122417514 0.9582479072733944 -0.06339753944469025 -0.2788219865765967 4581718.379795207
-0.2992026810691792 -0.0874799089615682 -0.9501710483744968 426065.9951241584 0.02564073682953747 0.9946918348340572 -0.09965292935632081 -0.08443595303231782 0.9538450127016728 -0.05417950943422493 -0.295371414496415 4581718.308447904
-0.3089247449778996 -0.08963810788842103 -0.9468529513892446 426065.80161590525 0.012285253401791506 0.9950895941005522 -0.09821289254295042 -0.10574471141780574 0.9510071369286323 -0.0419727212244239 -0.3063065722178078 4581718.258324748
-0.29581539866660794 -0.10325405667572073 -0.9496482768329139 426065.63404761715 -0.0036718632349714625 0.9942564940828448 -0.10696046650269693 -0.07147824642750619 0.9552380684060391 -0.02815357444620492 -0.29449551594854934 4581718.194469213
-0.2703220472478111 -0.07088631820255531 -0.9601568208701318 426065.4463236035 -0.013335387482694906 0.9974658235653264 -0.0698863238397349 -0.1381242431666992 0.9626775982708019 -0.0060877508845249995 -0.2705823000063552 4581718.1505232435
-0.25902137214199794 -0.066232565935439 -0.9635980365190063 426065.276994479 0.0005355247240771902 0.9976361105088672 -0.06871611326326471 -0.15038057388460738 0.9658714417493391 -0.01831497251834399 -0.25837360506581475 4581718.0656624045
-0.2731814029684324 -0.06057210033004301 -0.9600536139892428 426064.9981922222 0.00598532841175774 0.9978892501729648 -0.06466235561006307 -0.1629378008196869 0.96194391568116 -0.02341078919742128 -0.2722422414563018 4581717.997386154
-0.2895249119642761 -0.06327370640972804 -0.9550768364007439 426064.78433874017 -0.002455579357460678 0.9978584923741808 -0.06536359328209398 -0.1840819433612554 0.9571673288835645 -0.016579121626412566 -0.2890602657647692 4581717.93629146
-0.30350454949962485 -0.06045230255794579 -0.9509103572621723 426064.5520623452 -0.013318412108230235 0.9981569929738878 -0.059205044347945594 -0.223743433843202 0.9527369040464139 -0.005304384296926569 -0.30375031716079764 4581717.8499350725
-0.286996291813065 -0.056936945029004704 -0.9562381046456545 426064.3347208788 -0.014206384597377148 0.9983752356064296 -0.055182130843947665 -0.23595570749157532 0.9578263449718963 -0.0022523806452932962 -0.2873388585959215 4581717.801611137
-0.27650523741460337 -0.03848237593531478 -0.960241615649242 426064.1355151994 -0.024392626159244236 0.9991570507708368 -0.03301799030801139 -0.25538228913467165 0.9607027914351818 0.014293167504010761 -0.27721084374777405 4581717.747710194
-0.23577257983399236 -0.03610948194312585 -0.9711371663736398 426063.9774336583 -0.02020235989824846 0.9992756058827412 -0.0322510176928328 -0.28881905698815663 0.9715982478642942 0.01201535690193441 -0.23633128431410333 4581717.68116249
-0.23644144307869958 -0.04668116743049309 -0.9705237310865656 426063.73178479465 -0.01232950025761277 0.9989089730662514 -0.04504272362020059 -0.3160748305790184 0.971567510478948 0.001316106019495737 -0.2367590345619056 4581717.614041313
-0.24997370072723255 -0.0326358565751167 -0.9677024593387888 426063.5250304897 -0.0064990834930294976 0.9994658336476266 -0.032028257598665816 -0.3062041553768918 0.968230814867242 -0.0017170430001309516 -0.25005227634407334 4581717.579810173
-0.2706654570301574 -0.015580776946531219 -0.9625473753329746 426063.2329422142 -0.017472675608825407 0.999783820058952 -0.011270259775145047 -0.3406865124154192 0.962514891301805 0.013767808034430987 -0.2708791824489324 4581717.538046283
-0.2551262277146017 -0.028443404374097 -0.966489307069524 426062.99277058005 -0.02159495126640492 0.9994855196761796 -0.023714005090670346 -0.36468113628477133 0.966666574373977 0.014821224822880103 -0.2556092042216606 4581717.496373268
-0.2524627290276025 -0.06139736904476794 -0.9656567369030861 426062.900030102 -0.006913742353303913 0.998073825858891 -0.061650939182385074 -0.3340145973526146 0.9675819193322125 -0.008888262472419684 -0.2524009274381013 4581717.442172558
-0.23967588552103672 -0.026802690570646014 -0.9704829136455114 426062.6681797556 0.010656646691797958 0.9994859925203341 -0.030235519458590706 -0.3886010866429621 0.9707944714413005 -0.01758881843157327 -0.2392670635193817 4581717.363663669
-0.24370491393294164 -0.043505536589364215 -0.968873151248918 426062.3540875078 0.0225429772723167 0.9984693664239049 -0.05050483629067429 -0.42326294243057777 0.9695874014758226 -0.03414956220977841 -0.24235114668646182 4581717.248086519
-0.27573495041656826 -0.04418471301897395 -0.9602176567082087 426062.081102295 0.02962925343768861 0.9980776130243266 -0.054435151514347455 -0.4086324548766221 0.9607769483389463 -0.04346020610967807 -0.273895721079038 4581717.230875567
-0.2923930288396193 -0.03363688431276459 -0.9557064804110743 426061.8264412834 0.007494312710978302 0.9992699137484169 -0.03746297844837833 -0.42297150956267243 0.9562688701212563 -0.018116276961983896 -0.29192747137954117 4581717.102436766
-0.30171320833906257 -0.03834023035870827 -0.9526275067673567 426061.54455217463 -0.01073782937429863 0.9992643566099692 -0.03681636360634737 -0.38625355013113594 0.9533382605004785 -0.0008788315581173204 -0.3019029458634253 4581716.958648281
-0.2877066847191044 -0.04469305329567277 -0.9566751771395826 426061.35466900497 -0.0050788238952834954 0.9989676946852385 -0.045141450166148914 -0.32345322843621327 0.9577051055078403 -0.008128712221034439 -0.28763667172640683 4581716.897878151
-0.25295089532788995 -0.030631518094404526 -0.9669940820150095 426061.06729665597 -0.017724123658436706 0.9994776391908275 -0.027024141023767618 -0.37562794333595817 0.967316752668618 0.010303342019181184 -0.2533616805080756 4581716.782969626
-0.2509697769133283 -0.010431847809705583 -0.9679387106771531 426060.73024695873 0.0011100633265885486 0.9999381699618504 -0.011064538524446785 -0.4261882856354645 0.9679942865717165 -0.003851338030237607 -0.25094267943076437 4581716.6875753375
-0.2933889572628955 -0.0340223807830301 -0.955387563956139 426060.4961220989 0.007515370113768082 0.9992535646629931 -0.037892383408236675 -0.4021494097589884 0.9559636180149561 -0.018297298001570185 -0.29291427059396996 4581716.62912618
-0.33449446685932005 -0.01491258162811493 -0.9422797177853741 426060.23187263834 0.007845244012091251 0.9997960805889972 -0.01860777754791047 -0.43616622452751874 0.942365058661924 -0.013616612943996013 -0.3343092641029306 4581716.539905511
-0.351952026041664 -0.023869444823866673 -0.9357136426113325 426059.6326327073 -0.015934940637522158 0.9996827150755629 -0.019507609951799534 -0.4624149017416806 0.9358823905983316 0.008044798502964709 -0.3522207151559938 4581716.404350078
-0.3071796625396407 -0.03766404431973159 -0.9509059231530288 426059.45873762976 -0.02148071806103464 0.9992363379516433 -0.03263923511012146 -0.44774560675603814 0.9514090779857087 0.010400032811138849 -0.30775413180640154 4581716.330198348
-0.2753907920616017 -0.0329812734087176 -0.9607664374092296 426059.2505921702 -0.010643216952440072 0.9994546612648487 -0.03125863095005774 -0.485703869229411 0.961273443709223 0.0016173064978715333 -0.27559163764364214 4581716.265534471
-0.2807765585328507 -0.032490917529761576 -0.9592230525047459 426058.94990803127 0.008777824761331729 0.9992981032823042 -0.03641772327934167 -0.49380606823144024 0.9597330222363455 -0.01864513487389173 -0.2802942828075983 4581716.173960034
-0.27640474011536365 -0.03828332009454793 -0.9602785049371334 426058.50731058867 0.004059270966805269 0.9991508410833625 -0.041001452189275055 -0.48940783582446123 0.9610327476007141 -0.015231026391867646 -0.27601462619592 4581716.073838973
-0.30573269424361404 -0.04168558236207027 -0.9512044112038565 426058.3005815098 -0.013282643655666363 0.9991306253119434 -0.03951664132088105 -0.5184069589976311 0.9520247323720424 0.0005529800192271821 -0.30602059271402055 4581716.003037619
-0.32855579979019606 -0.04970576155515408 -0.9431757119924399 426058.05695610255 -0.014974362096081625 0.9987628429507945 -0.04741889940375391 -0.5218336884721678 0.9443658480186804 -0.0014562997871669365 -0.32889363673821564 4581715.946122117
-0.29612338971222163 -0.05549969030303668 -0.9535359051664547 426057.782031691 -0.022669262811627552 0.9984375985882307 -0.0510731460646952 -0.5346521241188315 0.9548806431114427 0.006492002898596461 -0.2969188631755198 4581715.866630969
-0.2784851533959983 -0.03526167204761634 -0.9597930161354651 426057.6174023803 0.005532497195392018 0.9992503357822713 -0.03831654882426827 -0.5635494765173803 0.9604245992334804 -0.015980642146858022 -0.2780812979396193 4581715.766059085
-0.29406518153559935 -0.05032475660285345 -0.9544595789667042 426057.3111033407 0.023553564245770067 0.9979280544660446 -0.05987343084321303 -0.5701155108667262 0.9554951065388858 -0.040087616323251606 -0.2922705671082258 4581715.67101743
-0.30189652199969086 -0.03672034715190728 -0.9526332484799873 426057.0710552909 0.022965323263115792 0.998687831481333 -0.04577345495518778 -0.5736749064347256 0.9530640502777933 -0.03569637735341582 -0.30065708824494936 4581715.595861656
-0.3174097981976769 -0.033724848107409215 -0.9476885852579643 426056.8177516297 0.01552769971014598 0.9990485782991818 -0.04075326661871876 -0.6319054268290045 0.9481613314989296 -0.027650909903962476 -0.3165841383134361 4581715.522805905
-0.3039542196135294 -0.04812737419785626 -0.9514702245640426 426056.57883977954 0.014145153897470363 0.9983850970667517 -0.055019201886532115 -0.6335127873442364 0.9525816222247566 -0.03018201132849928 -0.30278259393799145 4581715.437841792
-0.2823355008371036 -0.05131973680647302 -0.9579420387378226 426056.34671004995 -0.0024049791684731675 0.9986027806200513 -0.05278922819195665 -0.634766359043448 0.9593127128534589 -0.012600442532611167 -0.2820644391016365 4581715.3734740615
-0.250402877290512 -0.04620893800815063 -0.9670383307257222 426056.0285326715 0.010740980986447345 0.9986662258533285 -0.05050149173359952 -0.7010602278402689 0.9680821403021973 -0.023032659161047207 -0.24957256708197922 4581715.251349825
-0.25813464592268925 -0.06260438886005902 -0.9640784174898981 426055.77680200874 0.014621070879586803 0.9975308012661491 -0.06869151921198205 -0.6859540565020313 0.9659983068622344 -0.03182751986527637 -0.25658191697491667 4581715.135031618
-0.27094673030798394 -0.051348346951499015 -0.9612238119193474 426055.5096296317 0.00925832644120005 0.998391008691694 -0.05594351754306824 -0.7033166574689858 0.9625498183091213 -0.02405703699402581 -0.27003537961561036 4581715.048240478
-0.28803061441020167 -0.046218775841335054 -0.9565051959724057 426055.12150269706 0.004262984161126124 0.9987628249639287 -0.04954438854316825 -0.7358282640903145 0.957611712610349 -0.018347867173131836 -0.2874772402150697 4581714.979108233
-0.29544201013769084 -0.06208380318101373 -0.9533412925224534 426054.84286188043 -0.00270477663537981 0.997936618754059 -0.06414973992987151 -0.7340190904345282 0.9553568458064009 -0.016373952861133884 -0.295000323454988 4581714.868345363
-0.27443343194863606 -0.04780936006020076 -0.9604168660115916 426054.55388501333 -0.01115594132042466 0.9988543618849598 -0.04653502677173797 -0.7683375491642063 0.9615413856939028 -0.0020564129024183706 -0.2746523889643518 4581714.783391931
-0.27876262476101177 -0.04085088247902015 -0.9594908047694031 426054.28677745094 0.009424753304736256 0.9989304083336269 -0.04526823755747023 -0.7975980981745445 0.9603137888531531 -0.021662056852940034 -0.2780794530910243 4581714.695632604
-0.28783070138947003 -0.04760705417111512 -0.9564972847482601 426054.09601941134 0.012559638911073914 0.9984901144871463 -0.05347659994680202 -0.7643883883687623 0.9575989467454898 -0.027405467786473015 -0.2867981825732771 4581714.603631749
-0.3031598464164467 -0.03629257377485504 -0.9522483691818817 426053.6305157277 0.003193890643524002 0.9992301988965766 -0.03909998306478266 -0.8297869434886022 0.9529343663565273 -0.014894922017446325 -0.30281055912035154 4581714.506421733
-0.31535648107384207 -0.05272457108279968 -0.9475074719752127 426053.3382241577 0.007792131559686489 0.9982778454064631 -0.05814315141430917 -0.8556914228940075 0.9489412903496623 -0.025718922503977098 -0.3144025516670527 4581714.428909775
-0.3198461622892097 -0.06494713727572532 -0.9452408697409103 426053.1343984015 -0.0022259137783853596 0.9976965749004454 -0.06779815439798163 -0.8048027305221346 0.9474668742371511 -0.01958095481863665 -0.31925398733872407 4581714.336217585
-0.2747335254588641 -0.05066290572828364 -0.9601847530408459 426052.77490341576 -0.0022276185372831435 0.9986417525925055 -0.05205466064265891 -0.8866878323832017 0.9615178249541698 -0.012162235079832247 -0.27447322698810955 4581714.224280213
-0.275507917641831 -0.03371559739285336 -0.960707367416897 426052.57786826114 0.032582738837309146 0.9984830059407767 -0.04438526757080187 -0.9118160792897394 0.9607464558594652 -0.04353096989403091 -0.2739914272629031 4581714.118685861
-0.30224192339221156 -0.013073306404853154 -0.9531415993459843 426052.3027591553 0.033228473451842475 0.9991537587111572 -0.02424118407644513 -0.8426243620877536 0.9526519239975523 -0.03899814243028444 -0.3015517477826152 4581714.099676964
-0.29318158537218947 -0.004453218843531543 -0.9560464041251245 426051.9751258931 0.0050979182981056356 0.9999676538517159 -0.006221131675332675 -0.9283696421412309 0.9560431837671753 -0.006697767704811036 -0.2931493999313259 4581713.934568944
-0.31903075637437384 -0.03931953076923009 -0.9469283769046538 426051.677193613 -0.003385401925161529 0.9991799283243259 -0.04034860453102328 -0.9642824733040515 0.9477383159612158 -0.009666712672020027 -0.31890224070256395 4581713.858563278
-0.31551333808949467 -0.04919888824467535 -0.9476448717125587 426051.3970340934 -0.005145387646235115 0.998729050503226 -0.05013789651446801 -0.8719276995268629 0.948907191707174 -0.010943174878137823 -0.31536548392300606 4581713.770092591
-0.2918176278830593 -0.04104418130639435 -0.9555929296712028 426050.991146422 -0.032216540579635335 0.9989337492315516 -0.03306749399753391 -0.9274716814160596 0.9559312561946002 0.021136220737967018 -0.2928287786456967 4581713.62463601
-0.2976225676129634 -0.03104773875284858 -0.9541786233016344 426050.700044928 0.00466011361191119 0.9994118819629778 -0.03397312956357934 -0.9618834593153883 0.9546722424940364 -0.014557750841203232 -0.29730284442274335 4581713.519016195
-0.3042024258542629 -0.030956923486364883 -0.9521042763230515 426050.3993959843 -0.0037589773577232765 0.9995030590792038 -0.03129704427799575 -0.964427584799831 0.9525999969523447 -0.005941698374544979 -0.30416762159509964 4581713.44035369
-0.3436336011905324 -0.016571878286313034 -0.9389575714497915 426050.1434911176 0.0013145805806200738 0.9998348206815867 -0.018127416542842577 -0.9806017559175018 0.9391028804187135 -0.007463524816352171 -0.34355505495712335 4581713.3401658535
-0.3410773880013354 -0.04636769004168157 -0.9388909695563089 426049.7516244316 0.006301142583129145 0.9986475474388203 -0.05160786370871593 -1.019734528816384 0.9400141014880228 -0.023518361223284646 -0.34032392758816876 4581713.198844319
-0.3188754779266272 -0.05897712371096309 -0.9459598979110306 426049.4946308982 -0.0042805140715360575 0.9981415497139264 -0.06078753107312583 -1.029718132624943 0.9477869522083271 -0.015334458368805922 -0.3185353161113953 4581713.1147473445
-0.289180830005666 -0.03637306049552728 -0.9565832154221731 426049.3005876297 0.005783656360631108 0.9991932480488925 -0.039741695643344004 -1.025867237361889 0.9572570171465643 -0.017025085130324365 -0.28873716352414464 4581713.013257516
-0.29732589028802114 -0.052366749176531106 -0.9533388896636487 426048.90740138135 0.02066409093708991 0.9979079396993359 -0.061259605212341084 -1.065826179430789 0.9545524136003118 -0.03791394816832614 -0.2956217553295254 4581712.874878032
-0.3132622714649023 -0.048890826051479014 -0.9484073156638207 426048.6026740489 0.015857667165484438 0.9982653815252306 -0.05669887512425952 -1.0417685866418145 0.9495342456534783 -0.032801145960037956 -0.3119435864944001 4581712.812564121
-0.34070010521116195 -0.036897095124671216 -0.939447732809263 426048.1695606208 0.00525973768687309 0.9991391773351793 -0.04114899115954436 -1.1194544198142597 0.9401573131495442 -0.018960714262494488 -0.340212753796925 4581712.686483156
-0.344603766286433 -0.06938732483460597 -0.9361803476966938 426048.05314370367 -0.011065863270160441 0.9974955281604759 -0.06985855688418918 -1.0544915312520209 0.9386830087581715 -0.013713878085803896 -0.3445085465072755 4581712.608040519
-0.3217938320719452 -0.04258305778322042 -0.9458516864869904 426047.7712498326 -0.021083005986998013 0.9990626715828009 -0.03780588721867087 -1.1001363819624368 0.9465750031027689 0.007775695446041351 -0.32238998443085193 4581712.541380088
-0.2953151544152479 -0.02165599579121588 -0.9551544259537248 426047.5329726159 -0.0019446769029589977 0.9997546259460496 -0.022065949588000882 -1.1555486407010551 0.9553979159514862 -0.004658942558988457 -0.2952848056534407 4581712.439199646
-0.3071719209862008 -0.03323307598203455 -0.9510735900120557 426047.1576668495 0.009624411309919787 0.9992304678287277 -0.03802424055417902 -1.1678740694806686 0.9516053707627894 -0.020833502431346736 -0.3066156935185444 4581712.341983743
-0.3242239499487231 -0.03563671698730505 -0.9453088673454909 426046.94017282367 0.0037752760039581742 0.9992334658812363 -0.038964444742208525 -1.1591238823609629 0.9459728207357455 -0.01620200806509605 -0.323840882786464 4581712.2574002715
-0.34894135621640654 -0.02835379065469466 -0.9367155344486208 426046.5944246583 -0.004439097911249923 0.9995809920618612 -0.028603054353716694 -1.216137124700265 0.9371340482191383 -0.005822616605711417 -0.34892101227107736 4581712.18044102
-0.34984499569910477 -0.029755882125686285 -0.936334911483715 426046.35787717986 -0.008200543314426774 0.9995544039245674 -0.028700952673269105 -1.2002730884795745 0.9367717064865071 -0.002362429666108027 -0.3499331205422413 4581712.096602738
-0.3250677067987844 -0.016319004269066743 -0.945549933158607 426046.1304166881 -0.022045657005108896 0.9997101522691219 -0.009674732929890666 -1.2051039302180857 0.945433749664033 0.01770032626020786 -0.3253332498323669 4581712.01583455
-0.3053605943257752 0.013988406507109653 -0.9521340409398257 426045.8614960084 0.0033703977855585113 0.9999017093258241 0.01360926544911789 -1.2691217490582982 0.9522308269804004 0.000946662922741217 -0.30537772672140645 4581711.938727754
-0.29912842086022845 0.004780796936354441 -0.9542008865088734 426045.56136272015 0.02442398606871868 0.9996981834242106 -0.0026478222845694325 -1.2852645949776498 0.9539002341640251 -0.02409742805755368 -0.2991549050622932 4581711.859287608
-0.2973431522563014 -0.00570340288954812 -0.9547536441416529 426045.2795230646 0.03547756157072376 0.9992255653035369 -0.017017998378917477 -1.3332266131671116 0.9541113102941827 -0.03893251647798847 -0.296910536575261 4581711.759924048
-0.33159834187787357 -0.0028884389246943082 -0.9434162371850632 426045.0387955987 0.009555260840522167 0.9999337379368988 -0.006420025374771261 -1.3323445900521766 0.9433722683300136 -0.011143457996575413 -0.33154876970027164 4581711.698188013
-0.3430921923249501 0.004283755596844193 -0.9392919657931958 426044.7836800062 0.011233155268225001 0.9999368015824959 0.00045723483028555043 -1.3446519779076085 0.9392345627096462 -0.010394338793621484 -0.34311862953308675 4581711.614747304
-0.33237091355379245 0.0061119609044696654 -0.9431289518180004 426044.54354421154 -0.011988113800050946 0.9998708416532961 0.010704444826715977 -1.3554487272587366 0.9430725639901392 0.01486418330865846 -0.3322547141932403 4581711.493667887
-0.3356926167216365 0.024750615696652316 -0.9416463636106803 426044.354214082 0.0011479905015757126 0.9996647510590951 0.025866341213396732 -1.3720303249101844 0.9419708855354236 0.007602138685671219 -0.33560848959913797 4581711.4428021945
-0.3510524877709515 -0.013250781153360112 -0.9362620186831527 426043.95983493055 0.009563525671934145 0.9997969689250669 -0.01773583674297467 -1.4205634842122306 0.9363069420903327 -0.015180175462654133 -0.3508544890212671 4581711.329242463
-0.3513227647583225 -0.03705057792301173 -0.9355210150702867 426043.75743228494 -0.017481140666081137 0.9993020731097855 -0.033011761532822245 -1.3944032803003292 0.9360911946405556 0.0047561911292649355 -0.351725253518084 4581711.271191549
-0.3742756941296677 -0.04090645262377054 -0.9264147920437664 426043.4612339342 -0.027678985494173136 0.9990742386918535 -0.032932344956123634 -1.4296976880662482 0.9269042984827346 0.013316445322795786 -0.3750614532822532 4581711.189562343
-0.36512355598283575 -0.06319480556378487 -0.9288117168814167 426043.27079347736 -0.02287654162709232 0.9980011765134871 -0.05890938397982151 -1.4323448621776314 0.9306779532736522 -0.00026120385450208557 -0.36583941704375306 4581711.116861897
-0.3390762259819296 -0.06299294925325587 -0.93864753838607 426043.068457607 -0.02431063778913454 0.9980091988073193 -0.05819477627983822 -1.3798038665309427 0.9404447383361441 0.003086655204536064 -0.3399325913993994 4581711.072261053
-0.3086820104746357 -0.003396995163414371 -0.9511592279072927 426042.8180366369 -0.024256920555110414 0.9996965020418966 0.004301814777699453 -1.4168987301677538 0.9508559397797972 0.02440008666087689 -0.30867072675655755 4581710.976418619
-0.306068725743199 -0.0030606000311587584 -0.9520044999102601 426042.58430410735 -0.004676812224689149 0.999987599415431 -0.0017112693479196743 -1.4743318483466323 0.9519979320089675 0.003928580254418006 -0.3060792441637211 4581710.854478055
-0.3108878594416587 -0.017763161856325836 -0.9502805948416764 426042.39376588276 -0.015511597222501063 0.9997870035543208 -0.013613885392573867 -1.4463641437007033 0.9503200141022979 0.010507978147161265 -0.31109717644470525 4581710.791369978
-0.3323173923163285 -0.0018693010407051312 -0.9431657629906292 426042.03417497757 -0.02522166426886901 0.9996580330875318 0.006905398980405757 -1.504290635575892 0.9428303232372117 0.026082994406113412 -0.3322508976469838 4581710.683375215
-0.3250410903433767 -0.022543711742119422 -0.9454311559544026 426041.8047688235 -0.006622693355451788 0.9997455789999605 -0.021561938752259875 -1.5130610895159258 0.9456767045460673 -0.0007472154473754743 -0.32510769315407845 4581710.58608071
-0.3142869969394493 -0.012257397531987376 -0.949248881885318 426041.5626586518 -0.012566072591197406 0.9998827525230455 -0.008750715774922835 -1.5062268257078355 0.9492448458508569 0.009178094174912589 -0.3144041749291838 4581710.507953697
-0.28965592893919095 0.00012910358205094215 -0.9571308302226191 426041.3506353904 0.005643126264854534 0.9999828404208246 -0.0015728921962832926 -1.5451356585313474 0.9571142031943393 -0.005856807677167061 -0.2896516871131586 4581710.397348876
-0.2973474126826626 0.003106503129883397 -0.9547642985623369 426041.07641612855 0.03131832992433871 0.9994883146894492 -0.006501615952781357 -1.5840910959223375 0.9542555624054168 -0.031834861984171056 -0.2972925548693944 4581710.291507036
-0.3090000230015626 -0.0058908664152200795 -0.9510437863095016 426040.8110335702 0.013812937601565182 0.9998475471157438 -0.010681071175140253 -1.5879696702278157 0.950961717704688 -0.016437159715449193 -0.3088715448866073 4581710.201146361
-0.32548487715131 -0.015550280775601758 -0.9454193691233523 426040.51805232035 -0.0014740896938666265 0.9998718886447008 -0.015938423938902463 -1.6251379683442477 0.9455460971340173 -0.0037940830093326286 -0.3254661013511959 4581710.125754805
-0.32104803100758694 -0.04227040071015254 -0.9461191124852915 426040.3102734971 -0.013991197752779358 0.9991061143417704 -0.039890082355575326 -1.6224074413102316 0.9469595599451941 0.00043070720347778026 -0.32135246431249037 4581710.018219022
-0.32025658503177307 -0.03152648206557345 -0.9468061051093601 426040.08272231114 -0.022332042174836517 0.9994195942050124 -0.025724591569014733 -1.637645194901994 0.9470675792339687 0.01290564402346502 -0.3207747569810493 4581709.968417254
-0.30137394667022477 -0.02526797226719269 -0.9531711671289252 426039.9004722417 -0.02232010984551307 0.9995618422616411 -0.01944058103558766 -1.6361604549523519 0.9532447518685315 0.015416000519635995 -0.3018058812599276 4581709.8562657405
-0.3030823270580392 -0.0165424654373271 -0.9528207858051477 426039.6477224069 -0.001343228639010297 0.9998557445512365 -0.016931799216823883 -1.6901249518778285 0.9529634299184353 -0.003851872940576822 -0.30306082609427143 4581709.765465404
-0.32065784509999146 -0.03166537042997452 -0.9466656488387878 426039.41838654695 0.008383430655217846 0.9993070127953035 -0.03626585540945089 -1.6840670046565156 0.9471579934025159 -0.01956523686701925 -0.3201701688790792 4581709.678575013
-0.3436701786202485 -0.0585228071373872 -0.9372651115729674 426039.10798994236 -0.015011468290556579 0.9982711387909848 -0.05682771574429815 -1.737859136546226 0.9389704277275664 -0.005460265718201111 -0.3439545338433529 4581709.610294375
-0.3432407710583586 -0.07756950097869923 -0.9360388590230532 426038.964534081 -0.021424650016785583 0.9969711785630838 -0.07476264766711263 -1.73954419289348 0.939003065732441 -0.005607283874943939 -0.3438630554633977 4581709.548626443
-0.3341468375373412 -0.047877802437697695 -0.9413042053435916 426038.79510243435 -0.019335517381785135 0.9988470054695873 -0.04394084013784775 -1.7204073181234 0.9423226776064417 0.003517911053172726 -0.3346873101425406 4581709.47641647
-0.3279567268172911 -0.029378036595538122 -0.9442358372255736 426038.53501701436 -0.01842470944877602 0.999525134669383 -0.0246988915921915 -1.7563656291680279 0.9445130573036131 0.009297103309412644 -0.32834227332623017 4581709.396465044
-0.3035612058348756 -0.00534450294553357 -0.9527969514016833 426038.3216011265 -0.021011187631487096 0.9997786506600258 0.0010861301650692855 -1.7680434136984378 0.9525802455994938 0.02034910250321158 -0.30360630711650693 4581709.3305722745
-0.2970756211636535 -0.0052717213264146376 -0.9548394023418211 426038.12851329526 -0.009557031858745462 0.9999510858996968 -0.002547341765563329 -1.7437462821418743 0.9548061261074322 0.008368677450845281 -0.2971114719855883 4581709.24890006
-0.3207701298445775 0.030505149301405667 -0.946665706395659 426037.8967612251 -0.00836614196474787 0.9993509741132699 0.035037668408258865 -1.7963448190388684 0.9471201251520951 0.019158977137632652 -0.32030673131690623 4581709.159086543
-0.33076438782170137 0.050757790648064 -0.9423473703669272 426037.69298433466 -0.018525052905669713 0.9980109012313244 0.06025830596925606 -1.812160959789335 0.9435315268520595 0.03738833657665959 -0.3291661740280323 4581709.098520641
-0.32299571127521826 0.06452234798532354 -0.9441984098208792 426037.4948320458 -0.0270221682405778 0.9966377617293352 0.0773496885496064 -1.8115569844950372 0.9460145733134321 0.05049790595266228 -0.3201661889909708 4581709.015424305
-0.2921986455574043 0.10383003841293997 -0.9507046200884827 426037.3104127605 -0.02887555476570573 0.9926779410525135 0.11728899217197546 -1.8282578154959894 0.9559216253811776 0.061723807974818405 -0.2870609998897383 4581708.944989443
-0.27182372402796706 0.11098530053646055 -0.9559257953002416 426037.1194726932 -0.03428893443663587 0.9915797895396291 0.12487509740435546 -1.8466424289522458 0.9617359991342578 0.0667216909361457 -0.265729343370004 4581708.868003221
-0.2639269212028796 0.10786815631608784 -0.9584920662777223 426036.8859383026 -0.022521386207826198 0.9927668657719111 0.11792683065654011 -1.842126072705883 0.964279714308897 0.05271063534417162 -0.2595885619474914 4581708.771508637
-0.2685759335400985 0.1144737947031549 -0.9564322862855087 426036.6134526053 -0.01378338060368862 0.9923550304220401 0.12264384214141269 -1.871376657689038 0.963159896560379 0.0461220546196033 -0.2649448428172694 4581708.684664549
-0.29151378102186437 0.13943069458230867 -0.9463502506380143 426036.358012925 -0.01592321918044064 0.9884753408668722 0.1505421920560965 -1.8791472438592964 0.9564340889811852 0.05895406607196605 -0.2859339985526621 4581708.6299446905
-0.2825182417924572 0.12446103419898896 -0.9511534545070095 426036.1169124781 -0.02325797616976546 0.9903669457823138 0.1365004734288515 -1.8817730768011558 0.9589799318020096 0.060685778135670936 -0.2769020164843198 4581708.554296034
-0.2651118250590074 0.12007569360611005 -0.9567118416842632 426035.8869644285 -0.030338585954932436 0.9906855578475727 0.13274673508038234 -1.9190859785275176 0.9637402608670758 0.06421801365082412 -0.25899952954900285 4581708.46682598
-0.27007542665455314 0.12619215717310933 -0.9545338146893274 426035.65246506105 -0.005425743533410397 0.991158894077228 0.13256925736654906 -1.9340774721544223 0.9628238806887129 0.04098275441701984 -0.2670029749196124 4581708.381992405
-0.29802046678312466 0.08422722827355608 -0.9508362505687946 426035.4061795269 -0.004847596977787929 0.9959531439160385 0.08974316646576522 -1.8834433474552985 0.9545471712712326 0.03135457129535124 -0.29640612118675097 4581708.323905834
-0.3347722394343598 0.08277719792438784 -0.9386562114043092 426034.9906109377 -0.015398427446102007 0.9955204830928591 0.09328374014130283 -1.922860285580438 0.9421732516561342 0.04568263615805881 -0.3319979828513408 4581708.208445087
-0.35848289440642356 0.0701469846123999 -0.9308971022448086 426034.7632055827 -0.009687562660073583 0.9968396841942867 0.07884665589068639 -1.9270998774004406 0.9334860285765945 0.03728330142603781 -0.35667042194030424 4581708.12955585
-0.36257484113252714 0.0380449981735666 -0.9311777825376294 426034.5523943894 -0.01625837164643301 0.9987561296920058 0.047136596759359044 -1.8908308082174832 0.9318128298800846 0.03222997853895055 -0.3615052953336219 4581708.046965398
-0.330798508049289 0.05718793274544875 -0.9419670309626907 426034.3628646121 -0.03616287278300581 0.996660836860111 0.07320807948161094 -1.9106257519413872 0.9430082680997273 0.058281357376159894 -0.32762583792788263 4581707.957533695
-0.339455399456165 0.08839171463564469 -0.9364597890800366 426034.1274136078 0.0015099631439997225 0.9956248080993162 0.09342891152371256 -1.9157390672014896 0.9406209394816606 0.03030092871468762 -0.33810368517315464 4581707.839955569
-0.36308202404871687 0.09712963504173001 -0.9266807852811819 426033.8906470938 0.00685832039307458 0.9948034542046454 0.10158272955524252 -1.8621578262784393 0.9317319395910371 0.030527389327746193 -0.3618613978400552 4581707.778275203
-0.3739907142327781 0.11198899571100032 -0.9206461918170837 426033.393930033 0.001250086308263071 0.9927427181654797 0.1202511239599818 -1.9289045227137527 0.9274316055385872 0.043821916537942464 -0.3714165541263105 4581707.593320854
-0.38560159238855174 0.10230666119843809 -0.9169758770119537 426033.156214524 -0.005484671626277571 0.9935618999170358 0.11315771918169823 -1.9722842323148468 0.9226490829803974 0.04866310828214749 -0.3825579323027484 4581707.523540915
-0.37217835331646026 0.08221451012607757 -0.9245128704606429 426032.94374181225 -0.0180121807140539 0.9952419157204925 0.09575536819902337 -1.9485856366442222 0.9279864409939271 0.052290568152729325 -0.3689266347306626 4581707.4457003
-0.3494416729991823 0.10755613478015444 -0.9307643069234477 426032.72247430217 -0.04575689642588885 0.9902452021905281 0.13160830508791094 -1.9598766944404395 0.9358401699013597 0.08857831229931643 -0.341111505213766 4581707.348921811
-0.33783087105462717 0.13607798583694047 -0.9313179287080396 426032.4495821212 -0.021050170062144807 0.9881534990209406 0.15201826440605426 -2.0314427843832434 0.940971409184588 0.0709608634617382 -0.3309642925663391 4581707.234803773
-0.3477903000263278 0.12677768153248073 -0.9289614236731499 426032.24623309786 0.0021084039955048296 0.9909189736789846 0.1344438255762674 -1.9977226738027347 0.937569977036483 0.04479963245651459 -0.3448993057278776 4581707.167707782
-0.35325197903437316 0.10779093933848484 -0.929297666361444 426031.960881399 -0.02001894977710606 0.992241672455641 0.12270169148082825 -2.0634779385784885 0.9353140012627434 0.0619481786573389 -0.34835347307428594 4581707.054871805
-0.3423794448090599 0.08839613999614286 -0.9353942688545949 426031.75073975784 -0.014478356549114248 0.9949498381436841 0.09932369691818657 -2.0904231355156684 0.9394502078151239 0.04754936394570654 -0.3393705423640676 4581706.969693511
